[
{"time":0.15487098693847656,"info":"","iter":0,"method":"-","cur_sol":[],"best_obj":39143.25046308794,"cur_obj":39143.25046308794},
{"time":0.6149110794067383,"info":"","iter":1,"method":"rng_con","cur_sol":[276,173,652,361,574,534,450,89,432,398],"best_obj":43129.1886275467,"cur_obj":43129.1886275467},
{"time":15.643679141998291,"info":"","iter":2,"method":"  bulg1","cur_sol":[276,173,652,361,574,534,450,89,865,89,432,398],"best_obj":44125.956323479855,"cur_obj":44125.956323479855},
{"time":33.877729177474976,"info":"","iter":3,"method":"  bulg1","cur_sol":[276,173,652,361,574,534,450,89,865,850,865,89,432,398],"best_obj":44906.59879180338,"cur_obj":44906.59879180338},
{"time":35.53118705749512,"info":"","iter":4,"method":"  bulg1","cur_sol":[276,173,652,361,574,534,450,89,865,850,352,850,865,89,432,398],"best_obj":45208.294265489705,"cur_obj":45208.294265489705},
{"time":54.82362914085388,"info":"","iter":8,"method":"  bulg1","cur_sol":[276,173,3,729,3,890,534,729,865,850,865,89,432,398],"best_obj":45980.66615151144,"cur_obj":45980.66615151144},
{"time":76.41800618171692,"info":"","iter":9,"method":"  bulg1","cur_sol":[276,173,3,729,3,890,534,729,865,850,746,850,865,89,432,398],"best_obj":46858.284080282705,"cur_obj":46858.284080282705},
{"time":77.55203819274902,"info":"","iter":10,"method":"  bulg1","cur_sol":[276,173,3,729,3,890,534,729,865,850,288,850,746,850,865,89,432,398],"best_obj":46930.428219171925,"cur_obj":46930.428219171925},
{"time":77.58764505386353,"info":"","iter":13,"method":"sh_10-3","cur_sol":[276,173,919,890,532,729,865,850,775,850,865,89,432,398],"best_obj":47918.46524344712,"cur_obj":47918.46524344712},
{"time":83.3292031288147,"info":"","iter":15,"method":" insert","cur_sol":[276,173,919,890,532,729,865,850,775,850,865,89,432,865,398],"best_obj":49209.7436286581,"cur_obj":49209.7436286581},
{"time":140.54697608947754,"info":"","iter":21,"method":"  bulg1","cur_sol":[173,919,890,532,233,865,850,746,749,746,850,1063,432,1063,865,990,432],"best_obj":49322.7763664024,"cur_obj":49322.7763664024},
{"time":167.07630705833435,"info":"","iter":22,"method":"  bulg1","cur_sol":[173,919,890,532,233,865,850,746,749,305,749,746,850,1063,432,1063,865,990,432],"best_obj":50716.805260361274,"cur_obj":50716.805260361274},
{"time":196.30198311805725,"info":"","iter":23,"method":"  bulg1","cur_sol":[173,919,890,532,233,865,850,517,850,746,749,305,749,746,850,1063,432,1063,865,990,432],"best_obj":51683.46479514967,"cur_obj":51683.46479514967},
{"time":200.7960000038147,"info":"","iter":25,"method":" insert","cur_sol":[173,919,890,532,233,865,850,517,850,746,749,305,749,746,850,1063,432,1063,865,160,990,432],"best_obj":52524.54357731131,"cur_obj":52524.54357731131},
{"time":461.1113221645355,"info":"","iter":45,"method":"  bulg1","cur_sol":[173,532,208,850,517,304,730,304,517,850,746,305,746,546,1063,614,1063,432,884,865,850,865],"best_obj":53536.650194710324,"cur_obj":53536.650194710324},
{"time":499.42553520202637,"info":"","iter":46,"method":"  bulg1","cur_sol":[173,532,208,850,517,304,730,304,517,850,746,850,746,305,746,546,1063,614,1063,432,884,865,850,865],"best_obj":54592.770785688735,"cur_obj":54592.770785688735},
{"time":506.5213360786438,"info":"","iter":47,"method":"  bulg1","cur_sol":[173,532,208,850,517,304,730,304,517,850,746,850,746,305,108,305,746,546,1063,614,1063,432,884,865,850,865],"best_obj":55208.86840345916,"cur_obj":55208.86840345916},
{"time":506.5563280582428,"info":"","iter":50,"method":"sh_10-3","cur_sol":[656,208,850,543,304,730,304,110,850,746,305,108,305,746,614,1063,884,865,850,865],"best_obj":55208.86840345916,"cur_obj":49963.72586604685},
{"time":851.7673571109772,"info":"","iter":75,"method":"  bulg1","cur_sol":[173,532,850,865,850,517,892,233,305,108,746,850,746,546,1063,614,1063,432,884,865],"best_obj":55208.86840345916,"cur_obj":51209.8504678513},
{"time":1072.931603193283,"info":"","iter":100,"method":"  bulg1","cur_sol":[173,86,850,746,749,746,850,73,304,517,746,108,614,1063,884,627],"best_obj":55208.86840345916,"cur_obj":48933.57567252774},
{"time":1432.4272701740265,"info":"","iter":125,"method":"  bulg1","cur_sol":[517,304,732,850,746,305,346,305,227,305,320,1063,614,383,614,1063,432,884,850,307,850,862,850],"best_obj":55208.86840345916,"cur_obj":53970.33528038789},
{"time":1646.6617221832275,"info":"","iter":134,"method":"  bulg1","cur_sol":[729,850,517,304,233,746,108,746,749,739,58,13,58,739,749,746,850,562,850,746,546,1063,614,1063,432,170],"best_obj":56181.66758200881,"cur_obj":56181.66758200881},
{"time":1666.1873691082,"info":"","iter":135,"method":"  bulg1","cur_sol":[729,850,517,304,233,746,108,746,749,739,58,13,58,739,749,746,850,562,850,746,546,1063,614,1063,432,622,432,170],"best_obj":56875.62410843658,"cur_obj":56875.62410843658},
{"time":1763.3281881809235,"info":"","iter":150,"method":"  bulg1","cur_sol":[850,517,304,108,483,749,58,13,58,739,749,746,749,536,850,573,850,746,1063,614,432],"best_obj":56875.62410843658,"cur_obj":52453.16852636248},
{"time":1954.4062540531158,"info":"","iter":175,"method":" insert","cur_sol":[729,850,565,304,233,746,850,746,468,746,749,58,13,58,739,562,546,1063,614,1063,622,432,170],"best_obj":56875.62410843658,"cur_obj":52951.62890695105},
{"time":2368.3890001773834,"info":"","iter":200,"method":"  bulg1","cur_sol":[850,233,1093,108,746,58,639,749,850,562,850,352,850,536,546,1063,614,1063,432,170],"best_obj":56875.62410843658,"cur_obj":49489.85459592078},
{"time":2479.3577461242676,"info":"","iter":225,"method":"sh_10-3","cur_sol":[729,850,517,304,746,749,993,58,739,749,746,562,850,746,1063,614,1063,779,622,432],"best_obj":56875.62410843658,"cur_obj":51585.19269643624},
{"time":2784.1216781139374,"info":"","iter":250,"method":" insert","cur_sol":[850,517,850,746,1093,739,13,204,739,749,757,749,850,562,417,850,746,613,1063,614,1063,432,622,432],"best_obj":56875.62410843658,"cur_obj":52726.46056573074},
{"time":3059.924649000168,"info":"","iter":275,"method":"  bulg1","cur_sol":[998,304,746,71,739,58,382,749,757,749,850,562,850,746,749,746,1063,614,1063,622,432,170],"best_obj":56875.62410843658,"cur_obj":52250.83597274907},
{"time":3280.115177154541,"info":"","iter":300,"method":"  bulg1","cur_sol":[517,868,32,749,746,749,86,739,746,850,517,850,746,1063,614,1063,432,170],"best_obj":56875.62410843658,"cur_obj":49989.70043735041},
{"time":5013.736476182938,"info":"","iter":325,"method":"  bulg1","cur_sol":[729,850,517,233,108,58,1049,58,739,746,850,746,546,614,546,841,731,170],"best_obj":56875.62410843658,"cur_obj":50384.28360071214},
{"time":5229.544495105743,"info":"","iter":350,"method":" insert","cur_sol":[729,1036,873,304,108,746,739,13,58,739,746,850,562,850,746,546,1063,614,1063,58,58,432,170],"best_obj":56875.62410843658,"cur_obj":52116.12259772959},
{"time":5488.060093164444,"info":"","iter":375,"method":"  bulg1","cur_sol":[850,517,304,59,304,233,746,108,746,850,746,749,58,13,58,739,749,746,850,779,75,546,1063,614,432,622,432],"best_obj":56875.62410843658,"cur_obj":53890.167041718465},
{"time":5595.064681053162,"info":"","iter":400,"method":"sh_10-3","cur_sol":[729,850,594,304,869,746,108,746,58,13,739,749,850,746,482,1063,432,170],"best_obj":56875.62410843658,"cur_obj":52364.36079410307},
{"time":5909.457915067673,"info":"","iter":425,"method":"  bulg1","cur_sol":[729,846,517,850,517,233,868,108,749,58,13,58,562,850,746,749,746,215,383,215,1063,622,432,170],"best_obj":56875.62410843658,"cur_obj":54474.9833960601},
{"time":6183.73713517189,"info":"","iter":450,"method":"  bulg1","cur_sol":[1090,850,161,850,517,304,892,746,749,305,749,739,58,739,749,850,746,546,1063,614,1063,75,170],"best_obj":56875.62410843658,"cur_obj":51468.3287929851},
{"time":6296.426197052002,"info":"","iter":475,"method":" insert","cur_sol":[17,58,17,304,543,108,746,749,739,58,739,850,562,850,517,850,746,546,1063,614,432,622,432,170],"best_obj":56875.62410843658,"cur_obj":51483.91815237294},
{"time":6416.880983114243,"info":"","iter":500,"method":"  bulg1","cur_sol":[729,850,288,850,517,304,233,739,13,58,749,746,850,746,264,562,746,1063,256,1063,432,622,170],"best_obj":56875.62410843658,"cur_obj":51737.938648923075},
{"time":6618.587361097336,"info":"","iter":525,"method":"sh_10-3","cur_sol":[729,850,517,233,108,746,749,58,13,546,739,746,850,770,546,1063,622,432,170],"best_obj":56875.62410843658,"cur_obj":51158.63274224268},
{"time":6931.747716188431,"info":"","iter":550,"method":"  bulg1","cur_sol":[730,304,233,108,746,749,13,489,746,850,562,850,746,1063,614,1063,827,850,827,170],"best_obj":56875.62410843658,"cur_obj":51101.084564410135},
{"time":7236.427155017853,"info":"","iter":575,"method":" insert","cur_sol":[729,850,517,149,700,749,757,108,757,749,58,13,58,749,850,307,850,562,1142,546,1063,614,383,614,1063,432,382,432],"best_obj":56875.62410843658,"cur_obj":55622.38711687243},
{"time":7505.35685801506,"info":"","iter":600,"method":"  bulg1","cur_sol":[729,850,517,916,919,58,13,739,850,746,749,305,749,746,546,614,1063,432,112,850,112],"best_obj":56875.62410843658,"cur_obj":53072.233511639686},
{"time":7798.42316198349,"info":"","iter":625,"method":"  bulg1","cur_sol":[729,517,850,517,304,746,108,749,739,13,58,739,749,746,850,562,746,546,20,18,432,622,632,170],"best_obj":56875.62410843658,"cur_obj":53110.7958354516},
{"time":8033.008054018021,"info":"","iter":650,"method":"sh_10-3","cur_sol":[729,517,304,749,739,58,13,58,739,749,850,562,746,58,1063,614,481,432,622,432,170],"best_obj":56875.62410843658,"cur_obj":52067.842067353085},
{"time":8369.08018708229,"info":"","iter":675,"method":" insert","cur_sol":[729,159,304,752,850,752,304,36,108,351,749,739,13,58,749,850,562,746,546,1063,614,1063,622,170],"best_obj":56875.62410843658,"cur_obj":53578.8189640928},
{"time":10017.628252983093,"info":"","iter":700,"method":"  bulg1","cur_sol":[729,850,304,746,749,305,749,746,850,746,739,58,13,58,805,1157,753,614,432,622,432,170],"best_obj":56875.62410843658,"cur_obj":52463.106660692516},
{"time":10145.256922006607,"info":"","iter":725,"method":"  bulg1","cur_sol":[729,850,304,890,746,108,746,131,58,13,58,749,753,850,546,1063,622,432],"best_obj":56875.62410843658,"cur_obj":49513.43762962544},
{"time":10299.54889202118,"info":"","iter":750,"method":"  bulg1","cur_sol":[729,850,304,233,108,570,739,58,739,749,462,562,850,562,746,841,622,432],"best_obj":56875.62410843658,"cur_obj":49123.52579880773},
{"time":10606.086210012436,"info":"","iter":775,"method":"sh_10-3","cur_sol":[517,304,86,746,108,746,58,13,58,739,746,850,746,546,614,1063,770,432],"best_obj":56875.62410843658,"cur_obj":51848.7652869214},
{"time":10802.706794023514,"info":"","iter":800,"method":"sh_10-3","cur_sol":[517,304,746,108,746,749,553,1068,739,749,850,746,546,1063,622,506],"best_obj":56875.62410843658,"cur_obj":48629.93666274794},
{"time":11050.408068180084,"info":"","iter":825,"method":" insert","cur_sol":[269,850,517,304,746,108,739,58,739,749,746,1063,383,562,850,15,546,1063,614,1063,622,432,170],"best_obj":56875.62410843658,"cur_obj":53071.25948215432},
{"time":11294.98270201683,"info":"","iter":850,"method":"  bulg1","cur_sol":[862,251,233,746,850,517,850,746,108,746,862,746,368,746,749,739,13,58,739,749,850,546,1063,614,1063,432,170],"best_obj":56875.62410843658,"cur_obj":55459.632951683794},
{"time":11414.471315145493,"info":"","iter":875,"method":"sh_10-3","cur_sol":[850,517,304,233,868,108,749,13,739,746,850,402,536,614,432,622,432,170],"best_obj":56875.62410843658,"cur_obj":51494.484676427055},
{"time":11806.235941171646,"info":"","iter":900,"method":" insert","cur_sol":[151,517,850,656,850,517,304,890,746,108,746,749,739,58,13,58,739,749,746,850,746,1063,614,1063,622,170],"best_obj":56875.62410843658,"cur_obj":54627.74238425961},
{"time":12035.232161998749,"info":"","iter":925,"method":"  bulg1","cur_sol":[729,517,233,978,749,746,749,739,58,13,850,562,850,517,850,746,256,1063,658,1063,614,1063,862,170],"best_obj":56875.62410843658,"cur_obj":53867.31857094144},
{"time":12148.994533061981,"info":"","iter":950,"method":"  bulg1","cur_sol":[729,517,850,517,389,108,746,749,1049,739,749,746,808,562,850,746,614,432,170],"best_obj":56875.62410843658,"cur_obj":53278.76633775919},
{"time":12436.694958209991,"info":"","iter":975,"method":"  bulg1","cur_sol":[729,850,746,850,918,108,749,739,58,739,991,348,746,749,746,1063,432,622,432,170],"best_obj":56875.62410843658,"cur_obj":51843.012960566964},
{"time":12803.05892920494,"info":"","iter":999,"method":"  bulg1","cur_sol":[112,850,112,517,304,517,389,873,746,749,305,526,305,749,58,13,749,746,850,746,546,1063,614,383,614,432,622,170],"best_obj":57457.95184132417,"cur_obj":57457.95184132417},
{"time":12803.06002998352,"info":"","iter":1000,"method":"  bulg1","cur_sol":[112,850,112,517,304,517,389,873,746,749,305,526,305,749,58,13,749,746,850,746,546,1063,614,383,614,432,622,170],"best_obj":57457.95184132417,"cur_obj":57457.95184132417},
{"time":12805.437041044235,"info":"","iter":1001,"method":" insert","cur_sol":[112,850,112,517,304,517,389,873,746,749,305,526,305,749,58,13,749,746,850,746,205,546,1063,614,383,614,432,622,170],"best_obj":58110.71913147962,"cur_obj":58110.71913147962},
{"time":13194.391508102417,"info":"","iter":1025,"method":"sh_10-3","cur_sol":[850,517,304,517,734,749,305,1096,990,850,746,205,546,614,383,622],"best_obj":58110.71913147962,"cur_obj":48936.271058054714},
{"time":13446.534056186676,"info":"","iter":1050,"method":"  bulg1","cur_sol":[112,850,112,517,304,517,389,305,526,305,665,110,76,614,110,614,383,614,622,249,622],"best_obj":58110.71913147962,"cur_obj":51247.50792627606},
{"time":13564.082003116608,"info":"","iter":1075,"method":"sh_10-3","cur_sol":[112,850,112,517,304,428,873,749,305,526,305,749,13,749,850,862,205,546,1063,614,432,1006],"best_obj":58110.71913147962,"cur_obj":54383.232375436986},
{"time":15250.582528114319,"info":"","iter":1100,"method":" insert","cur_sol":[850,112,517,304,517,389,873,746,320,526,13,749,753,104,13,546,1063,614,170],"best_obj":58110.71913147962,"cur_obj":48735.83830817314},
{"time":15445.905507087708,"info":"","iter":1125,"method":"  bulg1","cur_sol":[112,517,389,355,526,305,58,749,850,205,546,614,546,1063,681,614,432,622],"best_obj":58110.71913147962,"cur_obj":50681.96328293283},
{"time":15690.098714113235,"info":"","iter":1150,"method":"  bulg1","cur_sol":[112,61,1052,873,749,58,13,746,749,746,206,746,205,546,383,622],"best_obj":58110.71913147962,"cur_obj":50638.1004178518},
{"time":16071.271133184433,"info":"","iter":1175,"method":"sh_10-3","cur_sol":[112,329,304,389,873,746,1006,526,749,58,13,749,746,850,832,546,383,614,170],"best_obj":58110.71913147962,"cur_obj":51306.25425996213},
{"time":16280.356292009354,"info":"","iter":1200,"method":"  bulg1","cur_sol":[112,405,112,850,517,304,517,850,112,355,746,749,305,526,58,13,749,746,850,746,1063,614,432,622],"best_obj":58110.71913147962,"cur_obj":55543.33830649698},
{"time":16435.570151090622,"info":"","iter":1225,"method":"  bulg1","cur_sol":[850,112,517,304,292,389,749,305,526,834,526,749,58,13,58,850,205,1063,614,18,622,112],"best_obj":58110.71913147962,"cur_obj":52842.62778638156},
{"time":16724.80126619339,"info":"","iter":1250,"method":" insert","cur_sol":[112,304,517,419,517,389,873,305,749,58,13,746,850,112,850,746,749,746,205,1063,658,1063,614,1063,1090,841,419],"best_obj":58110.71913147962,"cur_obj":54903.64427783567},
{"time":17014.13314318657,"info":"","iter":1275,"method":" insert","cur_sol":[112,517,304,729,304,746,749,305,526,749,58,13,58,1091,531,254,205,546,1063,614,383,614,432],"best_obj":58110.71913147962,"cur_obj":51697.059368877795},
{"time":17173.640352010727,"info":"","iter":1300,"method":" insert","cur_sol":[112,517,389,846,749,58,13,749,757,749,746,850,205,1063,614,58,104,614,432,971],"best_obj":58110.71913147962,"cur_obj":52411.87983513028},
{"time":17434.154980182648,"info":"","iter":1325,"method":" insert","cur_sol":[850,517,850,700,304,517,389,535,749,305,749,58,749,746,749,850,656,850,746,205,614,432,622,24],"best_obj":58110.71913147962,"cur_obj":54840.39712325717},
{"time":17544.612889051437,"info":"","iter":1350,"method":" insert","cur_sol":[112,517,304,517,389,746,749,305,749,177,749,746,107,746,862,205,614,383,614,432,170],"best_obj":58110.71913147962,"cur_obj":53687.04524944735},
{"time":17761.872578144073,"info":"","iter":1375,"method":"  bulg1","cur_sol":[112,222,112,850,112,517,304,730,695,120,746,749,305,749,13,850,746,546,614,383,614,432,170],"best_obj":58110.71913147962,"cur_obj":53349.5039836718},
{"time":18080.165161132812,"info":"","iter":1400,"method":"  bulg1","cur_sol":[850,746,850,562,850,112,562,112,517,405,873,746,749,746,749,305,526,305,749,58,13,58,599,205,562,614,432,622],"best_obj":58110.71913147962,"cur_obj":57038.043578932666},
{"time":18245.60923910141,"info":"","iter":1425,"method":"sh_10-3","cur_sol":[112,850,112,517,389,730,746,749,991,1042,58,13,749,746,546,1063,614,432,170],"best_obj":58110.71913147962,"cur_obj":49876.77487216531},
{"time":18488.41963505745,"info":"","iter":1450,"method":"  bulg1","cur_sol":[730,850,112,304,517,850,517,65,746,749,305,526,305,58,13,746,850,746,1063,614,383,614,432,298,170],"best_obj":58110.71913147962,"cur_obj":57117.00106158056},
{"time":20500.463213205338,"info":"","iter":1475,"method":"sh_10-3","cur_sol":[112,845,311,517,304,749,305,526,305,58,13,749,746,850,746,546,1063,614,383,614,432,60],"best_obj":58110.71913147962,"cur_obj":51063.849235353875},
{"time":20665.52114009857,"info":"","iter":1500,"method":" insert","cur_sol":[850,112,517,258,517,873,305,179,279,746,850,746,749,746,546,1063,614,383,614,170],"best_obj":58110.71913147962,"cur_obj":49969.48898767297},
{"time":20994.1669421196,"info":"","iter":1525,"method":"  bulg1","cur_sol":[850,2,517,389,873,749,305,526,305,749,58,13,749,746,749,14,205,1063,614,383,614,622,170],"best_obj":58110.71913147962,"cur_obj":52535.7588854953},
{"time":21071.761771202087,"info":"","iter":1550,"method":"  bulg1","cur_sol":[112,850,286,304,389,873,746,725,160,305,526,749,746,205,1048,1063,383,614,622],"best_obj":58110.71913147962,"cur_obj":50466.64316414191},
{"time":21236.92284798622,"info":"","iter":1575,"method":"  bulg1","cur_sol":[112,850,746,367,746,850,112,873,305,205,58,13,1114,746,205,546,1063,383,614,432,622,641],"best_obj":58110.71913147962,"cur_obj":51670.344505414985},
{"time":21559.225169181824,"info":"","iter":1600,"method":"  bulg1","cur_sol":[112,850,112,517,845,517,389,746,749,305,749,746,749,58,13,58,818,746,850,746,614,622,373],"best_obj":58110.71913147962,"cur_obj":54511.87915345315},
{"time":21988.04889702797,"info":"","iter":1625,"method":"  bulg1","cur_sol":[850,746,850,112,304,517,389,873,746,749,305,526,305,749,58,13,58,1090,749,746,546,1063,383,614,432,683],"best_obj":58110.71913147962,"cur_obj":54943.88582418865},
{"time":22155.011097192764,"info":"","iter":1650,"method":"sh_10-3","cur_sol":[112,517,918,746,749,305,526,305,749,58,749,746,850,1090,205,546,1063,383,410,622,170],"best_obj":58110.71913147962,"cur_obj":51291.96109118319},
{"time":22542.8514380455,"info":"","iter":1675,"method":"  bulg1","cur_sol":[112,850,112,517,304,329,304,517,746,749,526,305,749,58,13,223,850,746,865,546,1063,614,699,170,699,432,170],"best_obj":58110.71913147962,"cur_obj":54890.06440083024},
{"time":22822.139590024948,"info":"","iter":1700,"method":"  bulg1","cur_sol":[112,850,746,850,517,389,117,749,13,775,850,746,749,305,479,305,749,746,205,1063,614,432,161],"best_obj":58110.71913147962,"cur_obj":54739.01127614975},
{"time":22983.497079133987,"info":"","iter":1725,"method":"  bulg1","cur_sol":[112,829,112,850,517,304,517,149,873,746,749,305,526,305,749,58,13,749,746,850,746,383,752],"best_obj":58110.71913147962,"cur_obj":54164.83126127239},
{"time":23259.47816300392,"info":"","iter":1750,"method":"  bulg1","cur_sol":[112,850,112,728,304,389,873,746,850,746,305,526,305,749,268,749,78,205,546,614,383,622],"best_obj":58110.71913147962,"cur_obj":54662.55021648892},
{"time":23529.30339407921,"info":"","iter":1775,"method":"sh_10-3","cur_sol":[46,304,389,873,749,526,305,749,58,13,749,746,272,746,205,1053,614,383,614,622,170],"best_obj":58110.71913147962,"cur_obj":51820.76139434697},
{"time":23685.31967806816,"info":"","iter":1800,"method":" insert","cur_sol":[112,517,304,517,126,149,526,749,13,749,746,850,746,749,462,746,562,205,546,383,614,432,622,170],"best_obj":58110.71913147962,"cur_obj":54547.386612035545},
{"time":24011.824493169785,"info":"","iter":1825,"method":"  bulg1","cur_sol":[204,868,517,389,873,746,749,526,749,58,533,850,517,850,746,205,546,1063,614,383,614,622,170],"best_obj":58110.71913147962,"cur_obj":53093.78569300975},
{"time":24355.819979190826,"info":"","iter":1850,"method":" insert","cur_sol":[112,2,61,304,517,873,749,526,305,749,58,13,58,749,746,850,112,850,746,205,546,614,432,124],"best_obj":58110.71913147962,"cur_obj":53920.53843301727},
{"time":24646.176589012146,"info":"","iter":1875,"method":" insert","cur_sol":[32,304,873,746,481,746,749,305,526,305,749,58,13,533,746,850,746,205,481,533,1063,614,383,432,170],"best_obj":58110.71913147962,"cur_obj":55172.92408077968},
{"time":24995.377796173096,"info":"","iter":1900,"method":" insert","cur_sol":[594,389,850,112,304,389,873,305,526,305,749,254,850,746,205,706,127,706,112,706,1063,614,432,622],"best_obj":58110.71913147962,"cur_obj":54168.067256130795},
{"time":25232.80751800537,"info":"","iter":1925,"method":" insert","cur_sol":[112,850,517,850,112,304,517,233,746,749,526,305,749,613,112,749,746,850,1063,614,383,432,1066,170],"best_obj":58110.71913147962,"cur_obj":53343.10718810524},
{"time":25443.409677028656,"info":"","iter":1950,"method":"sh_10-3","cur_sol":[112,850,517,32,389,746,749,305,97,850,746,205,546,1063,614,383,614,432],"best_obj":58110.71913147962,"cur_obj":52168.41763363945},
{"time":25693.75058412552,"info":"","iter":1975,"method":"sh_10-3","cur_sol":[850,61,517,304,517,389,873,746,305,526,305,58,536,749,746,850,746,205,383,614,241,170],"best_obj":58110.71913147962,"cur_obj":52571.650049684584},
{"time":26030.312965154648,"info":"","iter":2000,"method":"sh_10-3","cur_sol":[112,623,112,304,873,746,749,305,526,305,749,850,746,205,445,614,432,132,170],"best_obj":58110.71913147962,"cur_obj":50774.69148393163},
{"time":26368.522663116455,"info":"","iter":2025,"method":"  bulg1","cur_sol":[112,517,683,517,746,305,749,746,749,58,13,58,195,116,746,850,112,850,746,195,1063,614,622,170],"best_obj":58110.71913147962,"cur_obj":55497.10053865515},
{"time":26535.72146821022,"info":"","iter":2050,"method":" insert","cur_sol":[641,32,873,517,304,389,873,749,13,749,757,749,746,205,546,614,546,555,614,432,622],"best_obj":58110.71913147962,"cur_obj":52105.09202591993},
{"time":26706.778357982635,"info":"","iter":2075,"method":" insert","cur_sol":[483,850,112,517,389,483,43,426,305,526,305,749,13,746,850,746,205,1063,614,383,614,432,622],"best_obj":58110.71913147962,"cur_obj":53650.703456251955},
{"time":27055.136674165726,"info":"","iter":2100,"method":"  bulg1","cur_sol":[112,517,304,389,846,746,305,270,485,58,749,746,850,112,850,205,428,205,546,1063,383,614,432,170],"best_obj":58110.71913147962,"cur_obj":54783.72892220194},
{"time":27228.790587186813,"info":"","iter":2125,"method":" insert","cur_sol":[850,112,517,304,517,389,873,179,526,305,749,58,13,749,850,746,862,546,1063,383,614,622,6],"best_obj":58110.71913147962,"cur_obj":53053.95199246366},
{"time":27337.655865192413,"info":"","iter":2150,"method":"  bulg1","cur_sol":[112,850,352,850,873,517,304,799,389,873,746,749,526,305,749,58,13,749,746,850,746,205,546,1063,614,383,614,908],"best_obj":58110.71913147962,"cur_obj":57069.53440927883},
{"time":27542.89791417122,"info":"","iter":2175,"method":" insert","cur_sol":[850,112,304,517,389,873,338,749,305,749,746,749,58,13,596,746,878,863,878,746,205,1063,614,432,170],"best_obj":58110.71913147962,"cur_obj":53443.05284532073},
{"time":27868.990619182587,"info":"","iter":2200,"method":"sh_10-3","cur_sol":[112,850,517,304,517,389,920,746,749,305,749,58,13,749,850,205,731,797,432],"best_obj":58110.71913147962,"cur_obj":51652.62034967595}
]