[
{"time":0.013881921768188477,"info":"","iter":0,"method":"-","cur_sol":[],"best_obj":43186.639729869356,"cur_obj":43186.639729869356},
{"time":0.10619997978210449,"info":"","iter":1,"method":"rng_con","cur_sol":[962,767,459,1015,343,702,919,298,955,473,924],"best_obj":47024.48189473759,"cur_obj":47024.48189473759},
{"time":12.325990915298462,"info":"","iter":2,"method":"  bulg1","cur_sol":[962,767,459,1015,343,702,919,298,955,645,955,473,924],"best_obj":48248.68404114172,"cur_obj":48248.68404114172},
{"time":14.931840896606445,"info":"","iter":6,"method":"  bulg1","cur_sol":[767,683,1015,702,919,298,791,955,656,955,473,703],"best_obj":48346.56836339683,"cur_obj":48346.56836339683},
{"time":46.35378384590149,"info":"","iter":12,"method":"  bulg1","cur_sol":[767,710,260,791,919,111,419,352,419,111,919,473],"best_obj":48607.1079491102,"cur_obj":48607.1079491102},
{"time":63.76198983192444,"info":"","iter":13,"method":"  bulg1","cur_sol":[767,710,260,791,919,111,419,352,863,352,419,111,919,473],"best_obj":50127.024229540075,"cur_obj":50127.024229540075},
{"time":84.44177293777466,"info":"","iter":14,"method":"  bulg1","cur_sol":[767,710,260,791,919,111,419,352,863,369,863,352,419,111,919,473],"best_obj":51780.87184286436,"cur_obj":51780.87184286436},
{"time":108.79420495033264,"info":"","iter":15,"method":"  bulg1","cur_sol":[767,710,260,791,919,111,419,352,763,352,863,369,863,352,419,111,919,473],"best_obj":53252.437158136694,"cur_obj":53252.437158136694},
{"time":137.4301769733429,"info":"","iter":16,"method":"  bulg1","cur_sol":[767,710,260,791,919,111,419,352,763,352,863,369,54,369,863,352,419,111,919,473],"best_obj":54758.150249026534,"cur_obj":54758.150249026534},
{"time":170.420795917511,"info":"","iter":17,"method":"  bulg1","cur_sol":[767,710,260,791,919,111,419,352,763,749,763,352,863,369,54,369,863,352,419,111,919,473],"best_obj":56264.73475124673,"cur_obj":56264.73475124673},
{"time":179.91533184051514,"info":"","iter":18,"method":"  bulg1","cur_sol":[767,710,260,791,919,111,419,352,763,749,763,352,863,369,54,214,54,369,863,352,419,111,919,473],"best_obj":57144.74024188377,"cur_obj":57144.74024188377},
{"time":184.5062940120697,"info":"","iter":25,"method":" insert","cur_sol":[767,913,791,919,111,419,352,763,749,763,254,194,54,681,352,419,111,919,473],"best_obj":57144.74024188377,"cur_obj":53772.072694424016},
{"time":295.74118995666504,"info":"","iter":34,"method":"  bulg1","cur_sol":[710,868,419,352,763,749,230,749,352,863,369,54,369,863,352,26,54,116,419,111,473],"best_obj":57873.48237898616,"cur_obj":57873.48237898616},
{"time":382.7036838531494,"info":"","iter":41,"method":"  bulg1","cur_sol":[417,868,845,763,352,850,352,763,749,757,749,352,863,1096,54,205,54,369,863,352,54,116,473],"best_obj":57913.92743416935,"cur_obj":57913.92743416935},
{"time":482.5040318965912,"info":"","iter":48,"method":"  bulg1","cur_sol":[417,868,352,434,763,757,863,1096,775,1096,54,205,428,339,428,205,54,863,352,54,623],"best_obj":58382.44710500262,"cur_obj":58382.44710500262},
{"time":506.0249638557434,"info":"","iter":49,"method":"  bulg1","cur_sol":[417,868,352,763,352,434,763,757,863,1096,775,1096,54,205,428,339,428,205,54,863,352,54,623],"best_obj":59442.2565086899,"cur_obj":59442.2565086899},
{"time":506.02618193626404,"info":"","iter":50,"method":"  bulg1","cur_sol":[417,868,352,763,352,434,763,757,863,1096,775,1096,54,205,428,339,428,205,54,863,352,54,623],"best_obj":59442.2565086899,"cur_obj":59442.2565086899},
{"time":579.886862039566,"info":"","iter":54,"method":"  bulg1","cur_sol":[868,373,311,352,434,763,757,863,1096,775,172,54,205,428,339,428,205,54,863,352,763,352,54,623],"best_obj":60275.59705988522,"cur_obj":60275.59705988522},
{"time":582.3624520301819,"info":"","iter":56,"method":" insert","cur_sol":[868,373,311,406,352,434,763,757,863,1096,775,172,54,205,428,339,428,205,54,863,352,763,352,54,623],"best_obj":60529.88488977327,"cur_obj":60529.88488977327},
{"time":763.3479249477386,"info":"","iter":75,"method":" insert","cur_sol":[868,311,406,352,763,757,1096,775,1096,662,172,54,160,428,54,863,352,850,352,763,706,863,706,623],"best_obj":60529.88488977327,"cur_obj":55890.86479713688},
{"time":1091.1798539161682,"info":"","iter":100,"method":"sh_10-3","cur_sol":[373,311,406,732,434,763,757,863,775,172,54,205,428,339,205,863,78,135,54],"best_obj":60529.88488977327,"cur_obj":55015.2036428278},
{"time":1343.0668678283691,"info":"","iter":125,"method":"  bulg1","cur_sol":[868,311,352,307,352,863,352,434,220,54,220,36,1096,775,1096,54,428,339,428,54,863,763,623],"best_obj":60529.88488977327,"cur_obj":56543.040355737365},
{"time":1699.32386302948,"info":"","iter":150,"method":"  bulg1","cur_sol":[373,822,352,92,763,757,863,1096,775,172,339,428,205,54,863,352,763,352,752,352,54,186],"best_obj":60529.88488977327,"cur_obj":58720.72321273931},
{"time":1952.4994339942932,"info":"","iter":175,"method":" insert","cur_sol":[868,373,311,352,434,763,813,116,1096,775,172,54,205,428,339,428,1053,763,850,288,850,763,54],"best_obj":60529.88488977327,"cur_obj":55547.65510557981},
{"time":2343.3496220111847,"info":"","iter":199,"method":"  bulg1","cur_sol":[868,486,406,434,763,757,863,352,863,688,863,369,863,518,775,383,775,54,369,54,205,428,205,54,352,763,562],"best_obj":61145.31856440601,"cur_obj":61145.31856440601},
{"time":2343.7005870342255,"info":"","iter":200,"method":"  bulg1","cur_sol":[868,486,406,434,763,757,863,865,863,352,863,688,863,369,863,518,775,383,775,54,369,54,205,428,205,54,352,763,562],"best_obj":61154.09093875953,"cur_obj":61154.09093875953},
{"time":2747.324385881424,"info":"","iter":225,"method":"sh_10-3","cur_sol":[868,486,406,732,763,863,865,863,352,863,884,863,369,863,518,775,369,54,205,428,54,1066,763],"best_obj":61154.09093875953,"cur_obj":55975.16754166529},
{"time":3073.1259179115295,"info":"","iter":250,"method":"  bulg1","cur_sol":[486,406,434,763,757,863,865,609,863,645,863,688,863,1066,775,54,205,428,205,54,410,562],"best_obj":61154.09093875953,"cur_obj":55104.992652542554},
{"time":3506.37384390831,"info":"","iter":274,"method":"  bulg1","cur_sol":[868,486,434,763,863,352,863,688,863,369,340,369,863,775,383,16,369,205,428,205,352,763,749,757,749,763,562],"best_obj":61368.47169623101,"cur_obj":61368.47169623101},
{"time":3508.1949298381805,"info":"","iter":275,"method":"  bulg1","cur_sol":[868,486,434,763,863,352,863,688,863,369,340,369,863,775,383,16,369,205,428,205,352,763,749,757,749,763,368,763,562],"best_obj":61507.16967308012,"cur_obj":61507.16967308012},
{"time":3895.847640991211,"info":"","iter":300,"method":"sh_10-3","cur_sol":[868,486,763,93,369,269,369,383,16,369,205,352,699,749,763,368,763,562],"best_obj":61507.16967308012,"cur_obj":54771.75739564668},
{"time":4178.71982884407,"info":"","iter":317,"method":"  bulg1","cur_sol":[434,919,863,645,863,351,863,688,863,369,863,775,383,369,340,369,205,428,763,757,749,676,763,645,763],"best_obj":62435.813801148615,"cur_obj":62435.813801148615},
{"time":4181.278365850449,"info":"","iter":319,"method":" insert","cur_sol":[434,919,389,863,645,863,351,863,688,863,369,863,775,383,369,340,369,205,428,763,757,749,676,763,645,763],"best_obj":62901.00817689602,"cur_obj":62901.00817689602},
{"time":4282.277137994766,"info":"","iter":325,"method":"  bulg1","cur_sol":[434,919,863,850,746,850,863,645,351,863,369,863,775,383,775,1054,340,369,724,428,770,757,676],"best_obj":62901.00817689602,"cur_obj":58380.81891223279},
{"time":4732.147503852844,"info":"","iter":350,"method":"  bulg1","cur_sol":[1091,863,351,688,863,645,863,369,863,270,340,369,205,428,339,428,340,676,763,645,763,749,757,749,763],"best_obj":62901.00817689602,"cur_obj":60099.23873877703},
{"time":5110.174114942551,"info":"","iter":375,"method":"  bulg1","cur_sol":[434,919,61,863,865,863,351,863,912,863,775,383,369,340,205,428,757,763,645,763],"best_obj":62901.00817689602,"cur_obj":53960.967157456136},
{"time":5522.746317863464,"info":"","iter":400,"method":"  bulg1","cur_sol":[919,389,863,351,863,688,863,369,863,775,383,340,369,428,763,417,255,763],"best_obj":62901.00817689602,"cur_obj":56269.42199444794},
{"time":5971.161331892014,"info":"","iter":425,"method":"sh_10-3","cur_sol":[251,919,389,863,688,863,369,775,383,369,340,369,205,763,587,749,58,645,763],"best_obj":62901.00817689602,"cur_obj":56362.398465334496},
{"time":6349.809237957001,"info":"","iter":450,"method":"  bulg1","cur_sol":[434,919,389,645,863,351,863,688,369,863,529,383,369,862,645,862,428,417,676,763,749,763,645,763],"best_obj":62901.00817689602,"cur_obj":59665.93976541831},
{"time":6761.614440917969,"info":"","iter":475,"method":"  bulg1","cur_sol":[255,863,645,863,351,373,351,369,54,205,428,205,54,369,863,369,383,749,676,763,645,112],"best_obj":62901.00817689602,"cur_obj":58292.48227146592},
{"time":7086.246251821518,"info":"","iter":500,"method":"  bulg1","cur_sol":[434,186,846,645,351,863,369,863,688,1063,775,383,369,205,757,676],"best_obj":62901.00817689602,"cur_obj":53851.758878651664},
{"time":7533.057265043259,"info":"","iter":525,"method":"  bulg1","cur_sol":[434,919,389,645,763,645,863,688,863,731,863,369,340,369,863,775,383,990,340,205,731,763,749,757,749,763,127,676,763],"best_obj":62901.00817689602,"cur_obj":62850.667276810884},
{"time":7833.68175983429,"info":"","iter":550,"method":" insert","cur_sol":[434,919,863,645,863,351,863,204,863,369,863,215,216,369,340,428,339,428,763,645,763,757,451],"best_obj":62901.00817689602,"cur_obj":59336.2574360329},
{"time":8893.214773893356,"info":"","iter":575,"method":"sh_10-3","cur_sol":[389,863,125,863,351,234,688,863,369,863,775,383,369,340,369,127,763,757,749,763],"best_obj":62901.00817689602,"cur_obj":56559.39933944639},
{"time":9082.14746594429,"info":"","iter":584,"method":"  bulg1","cur_sol":[213,389,846,645,863,351,863,369,863,850,863,383,477,340,369,340,205,428,763,757,749,763,850,763,645],"best_obj":63014.790165486644,"cur_obj":63014.790165486644},
{"time":9127.229290008545,"info":"","iter":585,"method":"  bulg1","cur_sol":[213,389,846,645,863,351,863,369,863,850,863,383,477,340,369,340,205,428,339,428,763,757,749,763,850,763,645],"best_obj":63992.13385248487,"cur_obj":63992.13385248487},
{"time":9249.453513860703,"info":"","iter":600,"method":"  bulg1","cur_sol":[213,389,594,645,863,864,863,149,863,369,850,477,630,383,630,477,340,369,340,205,428,339,757,763,645,850,645],"best_obj":63992.13385248487,"cur_obj":61627.306854595},
{"time":9660.355715990067,"info":"","iter":625,"method":"  bulg1","cur_sol":[863,351,863,850,863,383,376,369,863,369,54,369,775,205,428,757,749,763,850,763,645],"best_obj":63992.13385248487,"cur_obj":59124.26549324125},
{"time":10078.53980588913,"info":"","iter":650,"method":"  bulg1","cur_sol":[641,868,863,873,369,340,369,850,863,369,863,307,863,383,477,340,205,428,339,428,763,757,749,763,850],"best_obj":63992.13385248487,"cur_obj":62082.32852794896},
{"time":10420.421679019928,"info":"","iter":675,"method":"  bulg1","cur_sol":[213,389,863,369,863,850,863,850,754,340,631,339,631,340,214,340,369,340,640,428,339,757,749,850,763],"best_obj":63992.13385248487,"cur_obj":61452.97578691465},
{"time":10930.722398042679,"info":"","iter":700,"method":"  bulg1","cur_sol":[389,846,645,16,645,763,645,71,831,340,831,36,477,340,205,428,339,428,763,749,757,749,763,850,688,850,645],"best_obj":63992.13385248487,"cur_obj":58823.68415355856},
{"time":11359.608477830887,"info":"","iter":725,"method":"sh_10-3","cur_sol":[213,389,645,351,863,327,863,850,477,383,477,340,182,428,757,763,850,763,645],"best_obj":63992.13385248487,"cur_obj":56141.504387042085},
{"time":11686.889902830124,"info":"","iter":750,"method":"  bulg1","cur_sol":[112,846,645,863,827,863,369,850,863,340,369,205,428,339,428,827,757,863,850,763],"best_obj":63992.13385248487,"cur_obj":58647.83066490151},
{"time":11896.196923971176,"info":"","iter":755,"method":"  bulg1","cur_sol":[112,846,645,863,827,706,127,13,127,706,827,863,369,850,863,340,369,205,428,339,87,750,87,339,428,827,757,863,850,763],"best_obj":64237.60384301177,"cur_obj":64237.60384301177},
{"time":12087.14935183525,"info":"","iter":775,"method":"  bulg1","cur_sol":[846,645,868,127,706,827,369,1050,25,863,340,369,205,339,87,256,827,645,827,757,863,850],"best_obj":64237.60384301177,"cur_obj":59133.033455012},
{"time":13339.486194849014,"info":"","iter":800,"method":"  bulg1","cur_sol":[406,846,645,863,771,863,827,706,127,706,827,863,369,966,428,339,771,428,757,863,763],"best_obj":64237.60384301177,"cur_obj":58548.82259485619},
{"time":13684.54176902771,"info":"","iter":825,"method":"sh_10-3","cur_sol":[117,645,827,706,13,127,863,850,110,340,369,428,339,87,750,87,339,428,742,757],"best_obj":64237.60384301177,"cur_obj":54725.031320686394},
{"time":14016.708242893219,"info":"","iter":850,"method":"  bulg1","cur_sol":[112,846,159,827,706,127,13,127,706,863,369,850,369,428,339,87,750,87,68,599,827,757,863,827,863,850],"best_obj":64237.60384301177,"cur_obj":58718.362899823784},
{"time":14395.933089017868,"info":"","iter":875,"method":"  bulg1","cur_sol":[846,645,850,645,863,127,572,127,706,827,863,369,166,613,205,428,339,87,750,87,339,827,757,863,850,763],"best_obj":64237.60384301177,"cur_obj":61378.86868124321},
{"time":14743.985373020172,"info":"","iter":900,"method":"  bulg1","cur_sol":[112,1109,13,846,706,863,98,682,98,863,369,205,428,339,87,750,87,827,832,863,850],"best_obj":64237.60384301177,"cur_obj":57330.95503883595},
{"time":15097.536123991013,"info":"","iter":925,"method":"sh_10-3","cur_sol":[210,645,863,827,706,127,827,1096,369,850,863,340,369,827,428,339,87,750,339,428,757,850,763],"best_obj":64237.60384301177,"cur_obj":57756.93678848275},
{"time":15484.586834907532,"info":"","iter":950,"method":"  bulg1","cur_sol":[112,846,683,827,645,827,127,13,127,706,827,863,827,369,850,14,1133,369,205,750,428,827,757,863,763],"best_obj":64237.60384301177,"cur_obj":60675.26313884324},
{"time":15766.174110889435,"info":"","iter":975,"method":"  bulg1","cur_sol":[112,645,863,706,127,13,127,706,827,369,863,688,863,369,753,1063,340,369,428,339,87,750,676,757,863,850],"best_obj":64237.60384301177,"cur_obj":58582.00415862585},
{"time":16242.60935997963,"info":"","iter":1000,"method":"  bulg1","cur_sol":[112,827,13,127,286,863,369,54,369,850,288,850,746,749,746,850,863,531,87,750,87,827,863,850,790],"best_obj":64237.60384301177,"cur_obj":57661.13564022511},
{"time":16369.236635923386,"info":"","iter":1025,"method":"  bulg1","cur_sol":[127,706,827,863,369,850,340,369,205,1065,339,87,339,428,731,863,850,746,749,746,850,597],"best_obj":64237.60384301177,"cur_obj":58672.10018853733},
{"time":17808.22859096527,"info":"","iter":1050,"method":"  bulg1","cur_sol":[689,846,645,863,850,863,234,706,127,13,127,706,863,340,369,205,339,87,750,87,339,298,827,757,850,763],"best_obj":64237.60384301177,"cur_obj":61316.27883539283},
{"time":18113.72561097145,"info":"","iter":1075,"method":"sh_10-3","cur_sol":[862,645,863,827,831,269,863,369,850,340,369,205,428,87,339,428,757,850,763],"best_obj":64237.60384301177,"cur_obj":56229.69065994296},
{"time":18586.886641979218,"info":"","iter":1100,"method":"  bulg1","cur_sol":[112,863,827,127,13,127,827,863,850,746,749,757,749,746,850,863,340,369,863,369,997,339,87,750,87,339,428,863,971],"best_obj":64237.60384301177,"cur_obj":62220.48867323361},
{"time":18803.88072490692,"info":"","iter":1125,"method":"  bulg1","cur_sol":[656,329,706,13,127,706,369,850,863,369,54,369,599,428,339,87,750,87,428,827,850,746,850,827,757,863],"best_obj":64237.60384301177,"cur_obj":62007.2600823823},
{"time":19089.791443824768,"info":"","iter":1150,"method":" insert","cur_sol":[112,645,827,985,127,13,127,706,827,369,863,194,369,205,428,87,339,428,757,863,850,645,850,234,329,234],"best_obj":64237.60384301177,"cur_obj":59178.406997472215},
{"time":19317.422034978867,"info":"","iter":1175,"method":" insert","cur_sol":[112,845,873,845,913,127,13,706,863,369,340,369,205,428,339,832,750,428,827,757,863,832,863,850,763],"best_obj":64237.60384301177,"cur_obj":59126.86411134159},
{"time":19633.570989847183,"info":"","iter":1200,"method":"sh_10-3","cur_sol":[846,863,827,127,13,127,706,863,369,863,340,369,205,562,339,878,750,827,757,863,850,763],"best_obj":64237.60384301177,"cur_obj":60100.56481118613},
{"time":19964.844359874725,"info":"","iter":1225,"method":"  bulg1","cur_sol":[112,846,863,355,706,127,706,863,369,54,369,850,369,110,428,339,87,750,87,339,757,863,763],"best_obj":64237.60384301177,"cur_obj":58851.87157376475},
{"time":20196.473955869675,"info":"","iter":1250,"method":"  bulg1","cur_sol":[706,13,706,863,369,850,863,844,369,205,428,339,87,750,87,428,827,757,424,850,161],"best_obj":64237.60384301177,"cur_obj":57902.21948142008},
{"time":20594.248644828796,"info":"","iter":1275,"method":"  bulg1","cur_sol":[112,846,191,706,127,706,827,477,340,369,112,645,367,645,112,369,205,428,402,87,339,827],"best_obj":64237.60384301177,"cur_obj":57213.350245453905},
{"time":21069.38962483406,"info":"","iter":1300,"method":"  bulg1","cur_sol":[1074,846,863,706,845,706,827,369,850,340,205,428,87,224,428,863,850,763,749,763],"best_obj":64237.60384301177,"cur_obj":56461.0061908111},
{"time":22279.281137943268,"info":"","iter":1325,"method":"  bulg1","cur_sol":[112,846,645,863,827,127,13,658,827,863,850,340,369,205,428,339,87,750,291,827,424,863,850],"best_obj":64237.60384301177,"cur_obj":57099.06862194194},
{"time":22782.953714847565,"info":"","iter":1350,"method":"  bulg1","cur_sol":[112,846,827,706,13,706,112,850,112,706,1170,369,112,369,7,428,339,87,599,706,863,763,749,757,749,763],"best_obj":64237.60384301177,"cur_obj":59513.418502228225},
{"time":22977.634806871414,"info":"","iter":1375,"method":"  bulg1","cur_sol":[846,863,706,127,13,249,706,827,850,1041,693,369,205,428,339,827,757,863,369,863,850],"best_obj":64237.60384301177,"cur_obj":58977.08895950548},
{"time":23270.544994831085,"info":"","iter":1400,"method":"  bulg1","cur_sol":[846,827,706,127,706,827,850,746,664,746,850,827,863,369,850,340,320,205,428,832,87,339,428,827,676,863],"best_obj":64237.60384301177,"cur_obj":60081.622571414715},
{"time":23465.434857845306,"info":"","iter":1425,"method":"sh_10-3","cur_sol":[645,863,827,127,13,127,706,827,863,369,850,863,340,276,205,428,339,87,104,339,428,827,863,392,763],"best_obj":64237.60384301177,"cur_obj":54823.13307810048},
{"time":23817.025217056274,"info":"","iter":1450,"method":" insert","cur_sol":[645,368,645,850,645,730,46,827,327,127,706,827,850,863,369,827,369,205,339,87,750,87,339,428,827,757,574],"best_obj":64237.60384301177,"cur_obj":62134.03585912993},
{"time":24114.841109991074,"info":"","iter":1475,"method":" insert","cur_sol":[112,863,827,706,13,127,639,863,340,177,205,340,205,339,87,878,428,757,850,645,850],"best_obj":64237.60384301177,"cur_obj":55533.47338731742},
{"time":24298.746860980988,"info":"","iter":1500,"method":" insert","cur_sol":[846,86,706,127,13,706,863,369,850,116,369,205,428,339,87,706,20,827,757,863,850,763],"best_obj":64237.60384301177,"cur_obj":58928.8416120565},
{"time":24362.221386909485,"info":"","iter":1525,"method":"  bulg1","cur_sol":[112,846,594,827,769,127,13,706,827,863,369,850,863,369,854,369,428,339,87,750,87,339,428,827,757,850,763],"best_obj":64237.60384301177,"cur_obj":61467.06853393253},
{"time":24831.614938020706,"info":"","iter":1550,"method":"  bulg1","cur_sol":[112,846,863,827,850,827,706,127,706,827,369,850,340,818,578,340,578,428,87,750,87,339,428,757,850,746,850,419],"best_obj":64237.60384301177,"cur_obj":61232.5961013773},
{"time":25106.662972927094,"info":"","iter":1575,"method":"sh_10-3","cur_sol":[112,846,706,127,369,578,369,428,339,966,750,87,339,827,1015,863,850],"best_obj":64237.60384301177,"cur_obj":53418.95662052625},
{"time":25456.197844028473,"info":"","iter":1600,"method":"  bulg1","cur_sol":[846,127,13,827,850,827,369,535,863,1114,369,205,428,87,750,827,757,863,850,763],"best_obj":64237.60384301177,"cur_obj":58985.624416101986},
{"time":25627.950860977173,"info":"","iter":1625,"method":"  bulg1","cur_sol":[846,827,706,13,269,1037,369,850,863,340,369,205,428,750,87,339,428,827,757,863,827,863,850,214],"best_obj":64237.60384301177,"cur_obj":60742.617300592785},
{"time":26734.413700819016,"info":"","iter":1650,"method":"  bulg1","cur_sol":[112,1036,645,863,850,863,827,706,127,13,706,827,369,863,340,369,339,87,750,339,742,997,757,850],"best_obj":64237.60384301177,"cur_obj":57132.60833746921},
{"time":27165.857081890106,"info":"","iter":1675,"method":"sh_10-3","cur_sol":[112,765,645,863,846,706,13,827,863,369,863,340,369,205,87,339,428,827,757,850,763],"best_obj":64237.60384301177,"cur_obj":58803.56608658515},
{"time":27445.61674594879,"info":"","iter":1700,"method":"  bulg1","cur_sol":[846,645,827,706,127,13,428,863,161,863,369,863,340,369,428,339,917,750,87,339,428,827,863,763],"best_obj":64237.60384301177,"cur_obj":59416.63589192957},
{"time":27811.278841018677,"info":"","iter":1725,"method":"  bulg1","cur_sol":[112,827,706,127,13,258,863,369,850,863,112,863,340,369,428,339,87,750,428,105,334,863,850,763,749,757,749,763],"best_obj":64237.60384301177,"cur_obj":60832.66349045564},
{"time":28049.655639886856,"info":"","iter":1750,"method":"  bulg1","cur_sol":[112,734,827,706,127,13,127,827,863,850,517,850,863,369,340,116,87,750,87,339,428,757,706,850,763],"best_obj":64237.60384301177,"cur_obj":58999.81899894229},
{"time":28347.818935871124,"info":"","iter":1775,"method":" insert","cur_sol":[112,846,827,706,13,127,706,863,369,850,863,340,369,205,750,827,641,428,827,850,827,453,850,763],"best_obj":64237.60384301177,"cur_obj":59982.17733672759},
{"time":28781.052659988403,"info":"","iter":1800,"method":"  bulg1","cur_sol":[862,846,645,827,127,13,127,706,827,850,369,827,369,54,369,428,339,87,750,87,706,827,850,763,749,757,749,763],"best_obj":64237.60384301177,"cur_obj":61918.10470774973},
{"time":29131.839896917343,"info":"","iter":1825,"method":" insert","cur_sol":[112,846,863,850,863,127,13,127,827,863,369,863,340,369,339,172,750,87,339,428,112,863,763,749,757,749,763],"best_obj":64237.60384301177,"cur_obj":63658.35670443891},
{"time":29541.637445926666,"info":"","iter":1850,"method":"  bulg1","cur_sol":[112,846,645,863,827,706,468,706,827,863,850,863,340,276,339,87,750,87,339,827,757,863],"best_obj":64237.60384301177,"cur_obj":59117.9923458132},
{"time":29921.234397888184,"info":"","iter":1875,"method":"  bulg1","cur_sol":[112,846,645,367,51,367,645,863,645,329,127,706,827,863,369,205,428,339,87,750,87,339,1133,827,841,850],"best_obj":64237.60384301177,"cur_obj":60459.50924759143},
{"time":32457.658010959625,"info":"","iter":1900,"method":"  bulg1","cur_sol":[112,373,645,863,827,706,127,13,127,706,827,112,827,369,340,205,428,339,87,750,87,339,428,827,850,763,749,757,749,763],"best_obj":64237.60384301177,"cur_obj":63722.42779882107},
{"time":32511.761309862137,"info":"","iter":1901,"method":"  bulg1","cur_sol":[112,373,645,863,827,706,127,13,127,706,827,112,827,369,340,205,428,339,87,750,87,339,428,827,752,827,850,763,749,757,749,763],"best_obj":64605.442980177344,"cur_obj":64605.442980177344},
{"time":32834.52853894234,"info":"","iter":1925,"method":" insert","cur_sol":[373,645,863,706,127,13,127,706,827,112,827,369,340,205,428,339,87,750,625,827,863,827,850,749,757,19,299],"best_obj":64605.442980177344,"cur_obj":57155.46061978244},
{"time":33220.29138302803,"info":"","iter":1950,"method":"sh_10-3","cur_sol":[373,645,863,827,260,127,13,127,706,827,112,827,724,87,750,255,752,827,850,763,749,757,763],"best_obj":64605.442980177344,"cur_obj":55052.4979357608},
{"time":33633.02277183533,"info":"","iter":1975,"method":"sh_10-3","cur_sol":[112,645,863,827,706,13,127,827,112,116,205,428,87,706,339,428,752,827,860,757,749,763],"best_obj":64605.442980177344,"cur_obj":56114.4200214847},
{"time":33835.266652822495,"info":"","iter":2000,"method":"  bulg1","cur_sol":[112,373,706,127,919,127,706,827,645,827,369,340,205,428,339,87,1171,428,827,752,688,752,763,1133,763],"best_obj":64605.442980177344,"cur_obj":57361.08226500045},
{"time":33994.53583788872,"info":"","iter":2025,"method":"  bulg1","cur_sol":[112,71,623,645,863,827,706,13,112,827,1158,340,205,428,87,750,339,428,827,850,763,757],"best_obj":64605.442980177344,"cur_obj":58508.38276495719},
{"time":34111.28699398041,"info":"","iter":2050,"method":"  bulg1","cur_sol":[645,863,827,706,127,13,127,706,195,112,369,340,428,339,87,1091,87,339,428,827,850,938,749,757,749],"best_obj":64605.442980177344,"cur_obj":55903.65660157175},
{"time":34311.95555186272,"info":"","iter":2075,"method":"  bulg1","cur_sol":[373,645,763,645,863,706,127,13,127,706,97,339,87,750,87,224,752,763,749,763],"best_obj":64605.442980177344,"cur_obj":54272.98990074042},
{"time":34713.326865911484,"info":"","iter":2100,"method":"sh_10-3","cur_sol":[779,448,863,827,13,706,827,110,340,205,339,87,428,827,752,850,749,763],"best_obj":64605.442980177344,"cur_obj":54614.01133764885},
{"time":35011.13852882385,"info":"","iter":2125,"method":"  bulg1","cur_sol":[3,373,863,827,754,13,127,827,850,827,369,340,205,339,428,752,850,763,17,757,749,763,850,763],"best_obj":64605.442980177344,"cur_obj":60310.48339989201},
{"time":35287.81832695007,"info":"","iter":2150,"method":"  bulg1","cur_sol":[373,645,763,645,827,645,706,127,13,706,827,112,827,340,428,402,87,339,428,827,752,499,763],"best_obj":64605.442980177344,"cur_obj":59546.802155509555},
{"time":35600.76343393326,"info":"","iter":2175,"method":"  bulg1","cur_sol":[112,517,111,517,112,645,863,827,706,127,13,127,827,112,827,369,340,241,340,770,87,339,75,827,625,749,757,763],"best_obj":64605.442980177344,"cur_obj":59542.75245596002},
{"time":35809.3917119503,"info":"","iter":2200,"method":"sh_10-3","cur_sol":[428,863,827,706,13,706,892,112,369,340,205,339,87,750,339,752,827,763,757,749,763],"best_obj":64605.442980177344,"cur_obj":55637.843895293685},
{"time":36206.350762844086,"info":"","iter":2225,"method":"sh_10-3","cur_sol":[373,645,71,827,706,127,13,127,706,827,205,428,87,16,428,641,763,749,757,749],"best_obj":64605.442980177344,"cur_obj":55144.29236185591},
{"time":36445.19994497299,"info":"","iter":2250,"method":" insert","cur_sol":[373,863,827,127,706,827,88,54,88,827,112,725,990,428,339,87,339,276,752,827,850,763,749,763,827],"best_obj":64605.442980177344,"cur_obj":58927.32202920037},
{"time":36669.07060790062,"info":"","iter":2275,"method":"sh_10-3","cur_sol":[645,863,827,706,127,13,127,706,827,112,827,340,205,428,87,339,1053,132,752,827,850,763,395,757,749,763],"best_obj":64605.442980177344,"cur_obj":57393.849334007435},
{"time":36912.02297282219,"info":"","iter":2300,"method":" insert","cur_sol":[112,645,863,827,112,827,706,170,13,127,706,827,340,205,339,87,1171,428,827,850,763,477,763,749,763],"best_obj":64605.442980177344,"cur_obj":57455.76073642746},
{"time":37399.173885822296,"info":"","iter":2325,"method":" insert","cur_sol":[112,850,112,373,645,863,827,706,115,893,7,112,827,369,340,205,428,339,750,339,428,850,763,749,757,749,763],"best_obj":64605.442980177344,"cur_obj":61357.92105079446},
{"time":37616.2050909996,"info":"","iter":2350,"method":"  bulg1","cur_sol":[1093,373,645,763,645,863,369,863,827,149,912,340,205,428,87,428,827,850,763,749,757,763],"best_obj":64605.442980177344,"cur_obj":57691.29077739298},
{"time":37894.48482990265,"info":"","iter":2375,"method":" insert","cur_sol":[112,645,3,127,13,706,827,369,775,87,750,87,166,428,827,752,419,752,827,645,827,749,757,749],"best_obj":64605.442980177344,"cur_obj":59111.18913678119},
{"time":38189.855269908905,"info":"","iter":2400,"method":"sh_10-3","cur_sol":[112,373,846,863,827,706,127,13,127,706,827,112,827,340,205,428,339,87,339,609,763,1063,763],"best_obj":64605.442980177344,"cur_obj":56731.21717519347},
{"time":38392.960377931595,"info":"","iter":2425,"method":" insert","cur_sol":[112,32,623,645,863,127,13,127,827,894,1065,428,339,87,750,87,339,428,827,752,850,763,749,757,749],"best_obj":64605.442980177344,"cur_obj":59345.92118873991},
{"time":38714.942579984665,"info":"","iter":2450,"method":" insert","cur_sol":[373,645,251,389,827,127,706,1133,706,827,645,827,112,827,369,265,205,1133,87,750,87,339,752,827,850,749],"best_obj":64605.442980177344,"cur_obj":59375.514784265324},
{"time":39008.00264596939,"info":"","iter":2475,"method":"  bulg1","cur_sol":[1091,373,863,706,127,13,127,827,369,340,205,428,750,87,339,428,752,827,850,763,749,757,578,517,850,517],"best_obj":64605.442980177344,"cur_obj":59891.160909877275},
{"time":39373.95621085167,"info":"","iter":2500,"method":"sh_10-3","cur_sol":[863,706,127,13,827,124,1141,369,340,205,428,339,750,87,339,428,827,752,850,763,749,757,749],"best_obj":64605.442980177344,"cur_obj":57074.65878491398},
{"time":39592.62442994118,"info":"","iter":2525,"method":"sh_10-3","cur_sol":[112,373,645,706,127,827,112,900,279,428,339,87,428,827,752,827,850,749,757,749,763],"best_obj":64605.442980177344,"cur_obj":57693.08455795458},
{"time":39979.74180603027,"info":"","iter":2550,"method":" insert","cur_sol":[112,645,863,827,706,127,13,127,706,112,827,340,205,151,339,588,87,827,850,763,749,757,749,763],"best_obj":64605.442980177344,"cur_obj":55942.49839452387},
{"time":40256.046306848526,"info":"","iter":2575,"method":" insert","cur_sol":[112,645,863,706,127,13,127,827,112,827,369,854,369,1066,613,339,750,87,339,428,752,827,850,749,757,749,1053],"best_obj":64605.442980177344,"cur_obj":58401.20387216867},
{"time":40588.673614025116,"info":"","iter":2600,"method":" insert","cur_sol":[112,645,286,127,13,127,706,827,112,517,112,827,369,536,205,87,750,87,24,827,850,763,749,757,749,763],"best_obj":64605.442980177344,"cur_obj":58730.64214384604},
{"time":40958.26317501068,"info":"","iter":2625,"method":"sh_10-3","cur_sol":[112,373,827,706,127,827,340,428,87,428,752,827,850,749,757,210,763],"best_obj":64605.442980177344,"cur_obj":56591.07950362395},
{"time":41450.466613054276,"info":"","iter":2650,"method":"  bulg1","cur_sol":[913,61,863,565,827,88,827,645,827,112,205,428,339,87,750,87,339,428,752,827,763,757,763],"best_obj":64605.442980177344,"cur_obj":58542.95823957751},
{"time":41918.77723789215,"info":"","iter":2675,"method":"  bulg1","cur_sol":[112,373,827,706,112,829,112,706,13,127,706,7,298,340,829,340,966,87,750,87,574,763,749,763],"best_obj":64605.442980177344,"cur_obj":58085.223751610945},
{"time":42045.729878902435,"info":"","iter":2700,"method":" insert","cur_sol":[373,645,863,706,127,706,112,827,340,205,533,339,87,750,339,1015,17,752,688,752,827,763,645,763,749,757,749,763],"best_obj":64605.442980177344,"cur_obj":58179.819139797386},
{"time":43487.49697494507,"info":"","iter":2725,"method":"  bulg1","cur_sol":[1074,827,765,13,706,827,112,827,752,827,340,1013,87,339,428,827,88,827,645,827,749,757,749],"best_obj":64605.442980177344,"cur_obj":60470.59901703304},
{"time":43855.60900902748,"info":"","iter":2750,"method":"  bulg1","cur_sol":[471,827,645,827,903,127,706,112,827,340,428,339,87,750,339,827,530,827,850,688,850,763,749,757,749,763],"best_obj":64605.442980177344,"cur_obj":58583.97665956745},
{"time":44170.936483860016,"info":"","iter":2775,"method":"  bulg1","cur_sol":[373,645,863,827,233,827,112,827,340,339,271,339,428,827,752,827,850,749,757,127,763,645,763],"best_obj":64605.442980177344,"cur_obj":58295.28021951264},
{"time":44491.60853981972,"info":"","iter":2800,"method":"  bulg1","cur_sol":[112,517,111,517,112,645,863,827,706,127,13,127,706,827,112,827,271,339,87,339,428,66,850,749,757,749],"best_obj":64605.442980177344,"cur_obj":57584.89192493757},
{"time":44784.58710193634,"info":"","iter":2825,"method":" insert","cur_sol":[112,373,845,863,827,706,127,13,827,112,827,369,340,205,256,863,339,428,827,752,827,1024,749,757,749],"best_obj":64605.442980177344,"cur_obj":58969.47734061046},
{"time":45167.57495594025,"info":"","iter":2850,"method":"  bulg1","cur_sol":[112,287,863,827,126,127,13,127,706,827,340,614,428,339,87,339,752,827,763,746,763,749,757,749,763],"best_obj":64605.442980177344,"cur_obj":58965.87153974651},
{"time":45662.565193891525,"info":"","iter":2875,"method":"  bulg1","cur_sol":[1097,827,706,127,706,369,827,645,827,369,205,428,339,87,339,428,827,850,763,749,757,517,645,517],"best_obj":64605.442980177344,"cur_obj":60366.615294804535},
{"time":46122.61426901817,"info":"","iter":2900,"method":"sh_10-3","cur_sol":[112,251,863,827,706,127,13,148,706,827,112,369,599,205,428,339,87,750,428,752,827,749,763],"best_obj":64605.442980177344,"cur_obj":57649.434766505074},
{"time":46455.82981801033,"info":"","iter":2925,"method":"  bulg1","cur_sol":[112,373,645,863,827,127,706,827,112,827,369,897,339,87,750,87,200,863,200,428,752,112,752,850,749,757,749],"best_obj":64605.442980177344,"cur_obj":59690.76817172987},
{"time":46722.704897880554,"info":"","iter":2950,"method":"  bulg1","cur_sol":[112,517,112,645,863,827,706,127,13,110,706,827,112,827,369,340,205,339,87,750,827,850,938,392,749,763],"best_obj":64605.442980177344,"cur_obj":58012.12241842387},
{"time":53167.75777697563,"info":"","iter":2975,"method":"  bulg1","cur_sol":[645,1036,827,645,827,88,340,88,827,752,827,706,127,13,127,706,827,112,1162,897,205,428,750,339,752,850,749,763],"best_obj":64605.442980177344,"cur_obj":60352.186017270935},
{"time":53464.56711101532,"info":"","iter":3000,"method":"  bulg1","cur_sol":[112,645,827,112,827,645,863,706,127,13,706,827,369,340,1108,339,87,339,428,827,752,451,260,451,752,827,850,599,749,757],"best_obj":64605.442980177344,"cur_obj":62421.95744199324},
{"time":53751.47149991989,"info":"","iter":3025,"method":"  bulg1","cur_sol":[112,373,645,827,645,863,827,706,127,706,827,112,827,88,827,205,87,750,87,417,1053,749,757,749],"best_obj":64605.442980177344,"cur_obj":58323.083224397924},
{"time":54076.70342588425,"info":"","iter":3050,"method":"  bulg1","cur_sol":[112,373,827,706,127,13,112,626,340,428,339,87,782,428,827,752,827,749,757,749,763],"best_obj":64605.442980177344,"cur_obj":56513.86878620366},
{"time":54287.38289189339,"info":"","iter":3075,"method":" insert","cur_sol":[112,732,706,127,13,127,827,645,827,16,827,112,827,340,205,428,724,16,750,87,339,428,827,850,749,757,749],"best_obj":64605.442980177344,"cur_obj":61644.68004000852},
{"time":54775.51883482933,"info":"","iter":3100,"method":"  bulg1","cur_sol":[112,373,645,827,645,706,13,127,892,827,369,340,205,428,238,428,827,752,827,763,749,1133,749],"best_obj":64605.442980177344,"cur_obj":56246.4413418937},
{"time":54975.013630867004,"info":"","iter":3125,"method":"  bulg1","cur_sol":[112,706,13,127,706,769,992,369,112,369,428,339,87,750,87,339,428,827,752,827,850,1090,749,757,749,763],"best_obj":64605.442980177344,"cur_obj":58321.81504262463},
{"time":55222.491883039474,"info":"","iter":3150,"method":"  bulg1","cur_sol":[913,389,827,706,127,13,127,706,827,645,827,112,827,340,205,87,750,87,339,752,827,850,763,757,763],"best_obj":64605.442980177344,"cur_obj":60744.39341225044},
{"time":55432.05053400993,"info":"","iter":3175,"method":"sh_10-3","cur_sol":[112,373,645,863,827,13,706,112,827,369,1142,339,753,750,87,428,827,284,850,763,749,757,749],"best_obj":64605.442980177344,"cur_obj":58635.831379561154},
{"time":55788.3748459816,"info":"","iter":3200,"method":"  bulg1","cur_sol":[112,645,863,827,706,127,60,112,517,112,827,369,320,339,87,827,718,827,749,757,749,763],"best_obj":64605.442980177344,"cur_obj":55828.76263933521},
{"time":55912.38113284111,"info":"","iter":3225,"method":"sh_10-3","cur_sol":[645,827,706,406,13,706,827,112,827,369,340,205,428,87,750,87,428,827,104,827,763,749,757,506],"best_obj":64605.442980177344,"cur_obj":60560.559967043},
{"time":56268.44680404663,"info":"","iter":3250,"method":"  bulg1","cur_sol":[392,827,706,127,827,327,827,850,827,369,339,87,750,87,339,428,827,752,850,763,757,275,763],"best_obj":64605.442980177344,"cur_obj":59303.853795892624},
{"time":56922.64141082764,"info":"","iter":3275,"method":"  bulg1","cur_sol":[645,752,645,827,706,13,112,535,340,87,750,87,160,428,827,752,112,752,451,260,451,752,850,770,749,757,749,763],"best_obj":64605.442980177344,"cur_obj":61378.61893001545},
{"time":57188.50190091133,"info":"","iter":3300,"method":"  bulg1","cur_sol":[373,645,863,311,730,706,127,13,127,706,827,369,205,428,339,87,750,87,339,428,827,645,827,850,757,749,258],"best_obj":64605.442980177344,"cur_obj":61723.26522161064},
{"time":57246.352772951126,"info":"","iter":3325,"method":"sh_10-3","cur_sol":[112,373,645,827,706,127,13,127,112,827,369,205,428,87,750,87,151,827,752,58,850,763,749,388],"best_obj":64605.442980177344,"cur_obj":57182.88468036607},
{"time":57473.74829387665,"info":"","iter":3350,"method":"  bulg1","cur_sol":[729,373,645,763,645,863,827,706,163,706,112,827,340,205,428,1091,750,87,339,827,850,645,850,749,763],"best_obj":64605.442980177344,"cur_obj":59450.89524967692},
{"time":57896.17806696892,"info":"","iter":3375,"method":"  bulg1","cur_sol":[373,645,763,645,863,706,827,645,827,112,827,340,205,428,339,750,87,339,428,827,127,749,757,749,444,763,749,763],"best_obj":64605.442980177344,"cur_obj":62934.93435018144},
{"time":58200.81713795662,"info":"","iter":3400,"method":"  bulg1","cur_sol":[112,850,288,850,112,373,863,32,13,127,706,827,112,369,205,428,339,87,750,87,339,428,827,18,499,749,763],"best_obj":64605.442980177344,"cur_obj":60275.8575892775},
{"time":58529.919618844986,"info":"","iter":3425,"method":"  bulg1","cur_sol":[863,827,706,127,827,112,827,752,451,260,451,752,827,369,340,428,339,87,750,223,13,752,74,850,763,749,763],"best_obj":64605.442980177344,"cur_obj":58493.982366983495},
{"time":58731.67150592804,"info":"","iter":3438,"method":" insert","cur_sol":[112,373,845,251,827,850,827,706,13,127,706,112,827,340,339,87,750,348,750,87,339,428,214,200,850,763,749,757,749,763],"best_obj":64772.87518928777,"cur_obj":64772.87518928777},
{"time":58783.393532037735,"info":"","iter":3450,"method":"  bulg1","cur_sol":[562,845,827,850,827,706,868,706,827,339,750,87,428,214,200,850,763,749,757,647],"best_obj":64772.87518928777,"cur_obj":57794.880452581914},
{"time":59084.611578941345,"info":"","iter":3475,"method":"sh_10-3","cur_sol":[845,827,850,127,706,827,891,844,348,750,87,339,428,214,850,763,749,757,749,763],"best_obj":64772.87518928777,"cur_obj":58250.3166715218},
{"time":59367.38809084892,"info":"","iter":3500,"method":" insert","cur_sol":[373,845,251,827,850,706,127,112,827,1157,339,87,750,348,750,339,210,797,763,749,757,763],"best_obj":64772.87518928777,"cur_obj":53325.54199445298},
{"time":59739.84365987778,"info":"","iter":3525,"method":"sh_10-3","cur_sol":[373,845,251,827,850,220,706,13,706,306,87,750,348,339,428,214,200,850,58,757],"best_obj":64772.87518928777,"cur_obj":55843.46102662698},
{"time":63372.59162092209,"info":"","iter":3550,"method":"  bulg1","cur_sol":[112,731,112,827,850,827,88,54,88,827,706,127,706,339,856,750,87,402,827,402,428,200,731,749,757,763],"best_obj":64772.87518928777,"cur_obj":57291.421315669584},
{"time":64268.3601269722,"info":"","iter":3575,"method":"  bulg1","cur_sol":[845,827,381,827,850,827,706,127,706,827,340,339,87,750,348,339,214,340,214,151,763,850,763,749,305,749],"best_obj":64772.87518928777,"cur_obj":61239.373112041656},
{"time":64575.398746967316,"info":"","iter":3600,"method":"sh_10-3","cur_sol":[112,286,251,827,127,112,827,340,339,87,750,348,750,87,339,214,850,757,749,186],"best_obj":64772.87518928777,"cur_obj":57368.8967795343},
{"time":64868.69020104408,"info":"","iter":3625,"method":"sh_10-3","cur_sol":[112,373,845,827,850,827,706,13,127,706,272,827,340,200,339,428,214,850,763,749,757,729],"best_obj":64772.87518928777,"cur_obj":58432.86449121356},
{"time":65285.36996388435,"info":"","iter":3650,"method":"  bulg1","cur_sol":[112,251,850,127,340,149,348,750,87,339,428,25,850,878,369,878,749,757,749,763,850,763],"best_obj":64772.87518928777,"cur_obj":58622.56736396896},
{"time":65444.53155684471,"info":"","iter":3675,"method":"  bulg1","cur_sol":[112,448,406,251,827,850,827,13,805,112,827,340,339,87,348,750,87,339,214,850,763,368,763,749,757,763],"best_obj":64772.87518928777,"cur_obj":61921.3312289164},
{"time":65538.70967102051,"info":"","iter":3700,"method":" insert","cur_sol":[837,373,46,873,850,827,706,13,706,112,827,339,87,750,339,428,200,850,645,850,763,757,763],"best_obj":64772.87518928777,"cur_obj":59197.181928816644},
{"time":65910.74361395836,"info":"","iter":3725,"method":"  bulg1","cur_sol":[112,373,845,434,850,112,850,746,850,827,13,127,706,827,340,339,87,750,87,339,428,214,340,252,340,214,291,757],"best_obj":64772.87518928777,"cur_obj":62697.636261790285},
{"time":66110.48553085327,"info":"","iter":3750,"method":"sh_10-3","cur_sol":[112,373,845,251,827,850,827,13,127,1012,827,997,339,87,339,428,151,763,757,749],"best_obj":64772.87518928777,"cur_obj":55489.23984978508},
{"time":66390.86019587517,"info":"","iter":3775,"method":"  bulg1","cur_sol":[112,373,1080,251,827,850,827,706,827,340,339,87,348,1058,428,214,200,763,850,763,749,757,763],"best_obj":64772.87518928777,"cur_obj":59727.31457034305},
{"time":66607.68806695938,"info":"","iter":3800,"method":" insert","cur_sol":[112,827,112,373,71,242,890,706,242,706,827,850,827,340,339,750,348,750,200,850,763,757,749,763],"best_obj":64772.87518928777,"cur_obj":59366.59657929506},
{"time":68534.42455291748,"info":"","iter":3825,"method":"  bulg1","cur_sol":[373,845,32,827,850,706,340,472,87,750,348,87,339,214,850,763,749,757,749,506,850,506],"best_obj":64772.87518928777,"cur_obj":59008.10596139717},
{"time":68860.62082791328,"info":"","iter":3850,"method":" insert","cur_sol":[827,913,846,845,251,827,706,13,127,706,827,340,339,231,750,348,750,87,428,214,200,850,749],"best_obj":64772.87518928777,"cur_obj":58551.595347496615},
{"time":69034.04531002045,"info":"","iter":3875,"method":"  bulg1","cur_sol":[112,845,251,827,112,827,850,827,706,13,127,706,112,340,348,339,428,214,850,424,104,757,599,763],"best_obj":64772.87518928777,"cur_obj":59353.40745876115},
{"time":69229.90053892136,"info":"","iter":3900,"method":" insert","cur_sol":[1090,373,845,978,827,200,161,200,827,645,827,13,706,827,87,348,750,428,214,200,749,757,513],"best_obj":64772.87518928777,"cur_obj":58125.54350527325},
{"time":69521.02309203148,"info":"","iter":3925,"method":"  bulg1","cur_sol":[845,919,594,13,127,706,307,645,307,417,307,706,340,339,87,750,339,990,850,763,307,763,749,757,749,763],"best_obj":64772.87518928777,"cur_obj":59267.55359883908},
{"time":69783.10012292862,"info":"","iter":3950,"method":"sh_10-3","cur_sol":[112,373,845,868,13,706,112,827,348,750,529,214,200,763,749,757,763],"best_obj":64772.87518928777,"cur_obj":54550.71911414021},
{"time":70221.73284602165,"info":"","iter":3975,"method":"sh_10-3","cur_sol":[373,845,251,850,532,127,706,112,827,340,339,750,348,750,87,339,428,200,850,23,749,757,822],"best_obj":64772.87518928777,"cur_obj":57185.751089106176},
{"time":70495.53266787529,"info":"","iter":4000,"method":"  bulg1","cur_sol":[251,765,251,850,827,706,13,127,112,827,340,339,428,339,87,348,750,87,339,755,771,763,850,763,749,757,790],"best_obj":64772.87518928777,"cur_obj":60762.89785143726}
]